|  Kvadratni poprečni presjek  |
| 	      a [mm]	       |
--------------------------------
|              10              |
|              15              |
|              20              |
|              25              |
|              30              |
|              35              |
|              40              |
|              45              |
|              50              |
|              60              |
|              70              |
|              80              |
|              90              |
|             100              |
|             125              |
|             150              |
|             200              |
|             250              |
|             300              |
|             350              |
|             400              |